trial,mean,ci_down,ci_up
0.0,5.71,3.73,7.69
100.0,6.10,1.18,11.02
200.0,6.06,0.88,11.25
300.0,10.97,5.05,16.89
400.0,16.13,8.89,23.37
500.0,10.48,5.24,15.73
600.0,14.97,7.50,22.44
700.0,20.19,12.01,28.38
800.0,27.58,18.25,36.91
900.0,24.52,14.17,34.86
1000.0,17.03,9.02,25.04
1100.0,47.81,36.00,59.61
1200.0,38.68,27.06,50.30
1300.0,30.81,21.00,40.61
1400.0,41.68,29.90,53.45
1500.0,37.87,26.25,49.49
1600.0,40.68,28.96,52.39
1700.0,47.10,35.36,58.83
1800.0,50.23,38.53,61.92
1900.0,45.48,33.76,57.20
2000.0,38.23,27.41,49.04
2100.0,57.55,46.29,68.81
2200.0,67.19,56.05,78.34
2300.0,63.90,52.95,74.86
2400.0,66.16,56.14,76.18
2500.0,51.55,39.47,63.63
2600.0,61.52,49.56,73.48
2700.0,61.45,49.64,73.26
2800.0,54.97,43.39,66.55
2900.0,53.61,41.13,66.10
3000.0,51.42,38.28,64.56
3100.0,53.42,41.75,65.09
3200.0,45.23,34.60,55.85
3300.0,68.48,57.68,79.29
3400.0,63.74,52.75,74.73
3500.0,55.29,43.69,66.89
3600.0,51.65,39.64,63.65
3700.0,66.35,56.37,76.34
3800.0,62.77,51.41,74.14
3900.0,64.81,53.23,76.38
4000.0,66.19,55.58,76.80
4100.0,58.06,46.71,69.42
4200.0,67.29,56.23,78.35
4300.0,65.16,54.24,76.09
4400.0,79.65,70.00,89.29
4500.0,68.94,59.22,78.65
4600.0,58.32,46.00,70.65
4700.0,67.65,57.63,77.66
4800.0,70.68,60.65,80.71
4900.0,64.23,54.02,74.43
5000.0,57.74,46.68,68.81
5100.0,62.45,51.17,73.73
5200.0,69.03,59.65,78.42
5300.0,71.81,63.56,80.05
5400.0,60.68,49.74,71.62
5500.0,66.61,56.27,76.96
5600.0,61.06,49.52,72.61
5700.0,64.45,54.84,74.06
5800.0,60.77,49.71,71.84
5900.0,66.81,56.59,77.02
6000.0,71.39,61.42,81.36
6100.0,70.74,60.37,81.12
6200.0,70.65,60.10,81.19
6300.0,75.68,68.41,82.95
6400.0,78.55,70.54,86.56
6500.0,59.23,47.65,70.80
6600.0,67.45,56.62,78.28
6700.0,76.23,67.72,84.73
6800.0,69.97,60.01,79.93
6900.0,71.87,62.85,80.89
7000.0,69.42,58.06,80.78
7100.0,68.77,58.25,79.30
7200.0,63.26,52.28,74.24
7300.0,77.13,69.51,84.75
7400.0,75.94,66.35,85.52
7500.0,69.48,58.17,80.80
7600.0,64.77,53.62,75.93
7700.0,74.55,66.14,82.96
7800.0,58.58,46.77,70.39
7900.0,69.58,59.21,79.96
8000.0,78.65,70.54,86.75
8100.0,79.06,70.30,87.82
8200.0,76.58,67.49,85.67
8300.0,68.68,58.40,78.96
8400.0,75.52,66.54,84.49
8500.0,75.16,65.82,84.51
8600.0,69.97,59.48,80.46
8700.0,71.16,61.01,81.32
8800.0,72.42,63.01,81.83
8900.0,67.68,58.41,76.95
9000.0,76.97,69.40,84.53
9100.0,70.23,60.07,80.38
9200.0,75.94,66.69,85.18
9300.0,74.52,66.03,83.01
9400.0,73.16,63.69,82.63
9500.0,67.81,57.03,78.58
9600.0,66.13,54.30,77.96
9700.0,70.35,60.49,80.22
9800.0,74.71,65.10,84.32
9900.0,75.97,67.02,84.92
10000.0,70.68,60.99,80.36
