trial,mean,ci_down,ci_up
0.0,-55.89,-63.41,-48.36
100.0,-65.14,-72.77,-57.51
200.0,-64.66,-72.69,-56.63
300.0,-55.36,-64.51,-46.22
400.0,-46.32,-56.65,-35.99
500.0,-50.24,-58.39,-42.09
600.0,-44.18,-54.83,-33.53
700.0,-38.94,-50.17,-27.72
800.0,-29.47,-41.50,-17.43
900.0,-36.32,-49.65,-22.99
1000.0,-44.30,-55.31,-33.28
1100.0,-6.96,-21.27,7.35
1200.0,-18.64,-33.38,-3.90
1300.0,-27.84,-40.81,-14.86
1400.0,-14.33,-28.99,0.33
1500.0,-17.81,-31.79,-3.83
1600.0,-16.54,-31.61,-1.47
1700.0,-8.34,-22.99,6.32
1800.0,-4.12,-18.61,10.38
1900.0,-14.39,-29.96,1.19
2000.0,-20.01,-33.92,-6.11
2100.0,2.28,-12.20,16.76
2200.0,16.81,3.89,29.73
2300.0,10.24,-3.73,24.21
2400.0,13.42,0.81,26.03
2500.0,-4.15,-19.45,11.15
2600.0,5.01,-10.88,20.91
2700.0,8.22,-6.31,22.75
2800.0,-0.09,-14.76,14.57
2900.0,-1.69,-17.31,13.93
3000.0,-6.59,-23.40,10.21
3100.0,-1.07,-15.93,13.78
3200.0,-11.07,-24.54,2.40
3300.0,17.14,3.99,30.28
3400.0,11.12,-2.47,24.71
3500.0,-0.54,-15.61,14.54
3600.0,-5.28,-20.58,10.02
3700.0,14.31,2.38,26.24
3800.0,10.72,-2.86,24.29
3900.0,10.65,-4.15,25.45
4000.0,15.79,3.38,28.20
4100.0,3.05,-11.61,17.71
4200.0,15.86,2.34,29.39
4300.0,14.76,2.20,27.32
4400.0,29.03,16.69,41.37
4500.0,18.31,6.80,29.83
4600.0,4.48,-10.80,19.76
4700.0,15.07,2.27,27.86
4800.0,20.07,8.03,32.11
4900.0,12.41,0.18,24.64
5000.0,1.75,-12.83,16.34
5100.0,6.80,-7.97,21.57
5200.0,18.47,7.33,29.60
5300.0,21.51,11.65,31.37
5400.0,7.01,-6.95,20.97
5500.0,14.60,1.95,27.26
5600.0,9.07,-4.65,22.78
5700.0,11.60,-0.63,23.82
5800.0,9.04,-3.89,21.97
5900.0,13.59,0.75,26.43
6000.0,21.63,10.48,32.79
6100.0,19.98,7.73,32.23
6200.0,19.40,6.61,32.19
6300.0,26.53,17.86,35.20
6400.0,29.65,20.66,38.65
6500.0,7.63,-6.12,21.38
6600.0,15.05,1.55,28.55
6700.0,27.03,17.39,36.67
6800.0,19.14,7.26,31.01
6900.0,21.11,10.21,32.02
7000.0,15.59,0.85,30.33
7100.0,18.32,5.99,30.65
7200.0,11.69,-1.39,24.76
7300.0,28.09,19.36,36.82
7400.0,25.83,14.14,37.52
7500.0,17.64,3.71,31.57
7600.0,11.31,-2.80,25.42
7700.0,23.36,12.71,34.01
7800.0,3.37,-11.61,18.34
7900.0,17.81,4.79,30.84
8000.0,27.97,17.27,38.67
8100.0,28.32,16.94,39.71
8200.0,25.00,12.93,37.07
8300.0,16.31,3.33,29.29
8400.0,24.20,12.61,35.78
8500.0,24.00,12.14,35.86
8600.0,18.93,5.82,32.04
8700.0,20.08,7.58,32.59
8800.0,20.65,8.63,32.67
8900.0,16.50,5.09,27.91
9000.0,26.89,17.54,36.24
9100.0,17.53,4.08,30.98
9200.0,24.57,12.46,36.67
9300.0,23.47,12.49,34.46
9400.0,21.70,9.62,33.77
9500.0,16.91,3.96,29.87
9600.0,14.08,-0.52,28.68
9700.0,18.58,5.89,31.27
9800.0,24.95,13.59,36.31
9900.0,26.72,16.36,37.08
10000.0,19.22,7.22,31.22
