trial,mean,ci_down,ci_up
0.0,45.45,31.45,59.44
100.0,24.11,15.83,32.39
200.0,29.84,18.29,41.38
300.0,34.55,23.68,45.43
400.0,47.13,36.13,58.14
500.0,55.75,44.55,66.95
600.0,49.86,37.89,61.83
700.0,54.14,43.91,64.36
800.0,54.50,45.46,63.53
900.0,45.25,34.58,55.92
1000.0,49.80,40.33,59.27
1100.0,60.31,53.87,66.76
1200.0,46.77,37.79,55.74
1300.0,56.28,46.17,66.39
1400.0,57.39,48.19,66.60
1500.0,58.78,51.57,65.99
1600.0,50.42,40.60,60.25
1700.0,56.76,49.30,64.22
1800.0,55.73,47.56,63.89
1900.0,47.73,39.63,55.83
2000.0,54.37,45.93,62.81
2100.0,54.96,47.97,61.94
2200.0,58.70,52.36,65.04
2300.0,55.68,49.94,61.43
2400.0,61.46,57.27,65.66
2500.0,52.66,44.04,61.27
2600.0,51.14,43.30,58.98
2700.0,57.77,50.29,65.26
2800.0,54.65,47.73,61.56
2900.0,59.80,53.70,65.90
3000.0,49.27,40.98,57.55
3100.0,61.16,53.38,68.94
3200.0,57.09,50.51,63.67
3300.0,60.81,54.87,66.74
3400.0,56.50,50.30,62.71
3500.0,56.74,49.39,64.10
3600.0,52.53,45.08,59.97
3700.0,61.85,55.89,67.82
3800.0,59.43,52.48,66.38
3900.0,57.52,51.33,63.71
4000.0,61.43,55.46,67.41
4100.0,52.14,43.79,60.49
4200.0,61.06,55.32,66.80
4300.0,64.60,58.04,71.15
4400.0,57.18,51.34,63.02
4500.0,61.68,57.34,66.03
4600.0,55.86,47.73,63.98
4700.0,59.15,54.20,64.10
4800.0,60.14,53.36,66.93
4900.0,60.97,55.18,66.76
5000.0,53.01,45.51,60.50
5100.0,56.53,50.31,62.76
5200.0,63.58,57.25,69.90
5300.0,62.46,60.10,64.83
5400.0,60.43,54.23,66.63
5500.0,60.68,55.28,66.08
5600.0,63.39,55.81,70.98
5700.0,61.07,56.24,65.91
5800.0,62.25,56.43,68.07
5900.0,54.29,47.64,60.95
6000.0,65.80,62.50,69.10
6100.0,63.24,59.08,67.40
6200.0,59.83,54.65,65.02
6300.0,62.76,58.96,66.57
6400.0,64.54,60.18,68.90
6500.0,62.29,56.23,68.35
6600.0,57.88,51.58,64.17
6700.0,63.53,59.21,67.85
6800.0,61.90,57.95,65.86
6900.0,61.90,57.75,66.04
7000.0,56.35,50.50,62.20
7100.0,61.63,56.07,67.18
7200.0,63.97,59.41,68.54
7300.0,64.02,62.46,65.57
7400.0,62.15,57.80,66.49
7500.0,60.55,55.36,65.74
7600.0,58.48,52.24,64.71
7700.0,63.81,62.09,65.54
7800.0,57.27,50.98,63.56
7900.0,62.18,56.26,68.09
8000.0,59.99,55.02,64.96
8100.0,61.84,58.21,65.47
8200.0,56.89,51.06,62.71
8300.0,57.85,53.02,62.68
8400.0,58.94,54.03,63.84
8500.0,60.32,56.58,64.07
8600.0,58.02,51.72,64.32
8700.0,60.33,55.07,65.58
8800.0,59.73,53.19,66.26
8900.0,61.98,56.27,67.69
9000.0,61.30,57.75,64.85
9100.0,55.45,48.80,62.10
9200.0,57.39,51.47,63.31
9300.0,60.34,56.49,64.19
9400.0,61.52,56.03,67.01
9500.0,61.17,55.90,66.45
9600.0,56.22,49.36,63.09
9700.0,59.99,56.10,63.88
9800.0,62.12,58.37,65.87
9900.0,65.32,60.52,70.13
10000.0,61.75,57.74,65.76
