trial,mean,ci_down,ci_up
0.0,6.08,5.61,6.55
100.0,10.56,9.42,11.70
200.0,26.42,24.38,28.46
300.0,38.24,36.25,40.23
400.0,49.12,47.09,51.15
500.0,58.06,56.04,60.08
600.0,61.90,60.13,63.67
700.0,64.98,63.34,66.62
800.0,69.56,68.02,71.10
900.0,71.54,70.01,73.07
1000.0,74.96,73.49,76.43
1100.0,77.64,76.20,79.08
1200.0,77.98,76.70,79.26
1300.0,79.40,78.21,80.59
1400.0,80.22,78.98,81.46
1500.0,82.46,81.23,83.69
1600.0,81.54,80.40,82.68
1700.0,83.52,82.51,84.53
1800.0,83.24,82.02,84.46
1900.0,85.12,84.12,86.12
2000.0,85.52,84.45,86.59
2100.0,85.62,84.64,86.60
2200.0,86.24,85.33,87.15
2300.0,86.62,85.73,87.51
2400.0,86.32,85.44,87.20
2500.0,87.18,86.05,88.31
2600.0,87.08,86.01,88.15
2700.0,88.00,87.16,88.84
2800.0,87.90,87.03,88.77
2900.0,88.44,87.41,89.47
3000.0,87.48,86.62,88.34
3100.0,88.22,87.24,89.20
3200.0,87.94,86.94,88.94
3300.0,88.22,87.23,89.21
3400.0,88.38,87.42,89.34
3500.0,88.98,88.08,89.88
3600.0,89.54,88.80,90.28
3700.0,88.38,87.57,89.19
3800.0,88.82,87.85,89.79
3900.0,89.42,88.52,90.32
4000.0,89.14,88.26,90.02
4100.0,89.24,88.21,90.27
4200.0,89.62,88.72,90.52
4300.0,90.24,89.46,91.02
4400.0,89.86,89.19,90.53
4500.0,90.22,89.52,90.92
4600.0,90.14,89.42,90.86
4700.0,90.76,89.99,91.53
4800.0,89.40,88.59,90.21
4900.0,89.84,89.03,90.65
5000.0,90.62,89.83,91.41
5100.0,90.36,89.70,91.02
5200.0,90.08,89.39,90.77
5300.0,90.62,89.86,91.38
5400.0,90.16,89.37,90.95
5500.0,90.50,89.64,91.36
5600.0,90.62,89.84,91.40
5700.0,90.62,89.68,91.56
5800.0,91.12,90.38,91.86
5900.0,90.86,89.95,91.77
6000.0,90.48,89.68,91.28
6100.0,90.92,90.06,91.78
6200.0,90.86,90.14,91.58
6300.0,91.56,90.88,92.24
6400.0,91.74,90.96,92.52
6500.0,91.58,90.93,92.23
6600.0,91.20,90.28,92.12
6700.0,91.84,91.22,92.46
6800.0,91.24,90.42,92.06
6900.0,91.60,90.90,92.30
7000.0,91.16,90.39,91.93
7100.0,91.16,90.31,92.01
7200.0,91.56,90.76,92.36
7300.0,90.96,90.17,91.75
7400.0,91.14,90.29,91.99
7500.0,91.48,90.70,92.26
7600.0,91.28,90.45,92.11
7700.0,91.10,90.33,91.87
7800.0,91.78,90.92,92.64
7900.0,91.44,90.49,92.39
8000.0,92.20,91.46,92.94
8100.0,92.34,91.66,93.02
8200.0,90.88,90.05,91.71
8300.0,91.16,90.35,91.97
8400.0,92.48,91.70,93.26
8500.0,91.88,91.00,92.76
8600.0,91.64,90.89,92.39
8700.0,91.56,90.62,92.50
8800.0,90.70,89.93,91.47
8900.0,91.16,90.38,91.94
9000.0,91.70,90.77,92.63
9100.0,92.36,91.62,93.10
9200.0,91.74,90.94,92.54
9300.0,91.46,90.72,92.20
9400.0,90.92,90.01,91.83
9500.0,91.56,90.83,92.29
9600.0,91.62,90.88,92.36
9700.0,91.98,91.30,92.66
9800.0,92.74,92.10,93.38
9900.0,91.30,90.35,92.25
10000.0,92.58,91.90,93.26
